1 1 2t 7 3t
1 2 1
1 2 3 4 5 6
1 2t 1t 5 4
1 2t 2 5 7
1 3 2 4
1 3 2 9 6 5
1 3 3 2t 1t
1 3 3t 2t 6
1 4 2
1 4 3t 2t 1
1 4 6 5 2t 7 7
1 6 3
1 6 3 1 9 8
1 6 3 9 1 2
1 7
1 8
1t 1 2 2t 8 8
1t 1 2t 2 5t 5 8
1t 6 5 2t 1 2
2 1 2
2 1 4 3 6 5
2 1 6
2 1t 1 2t 6 7
2 1t 2t 6 3
2 2 1t 7 4t
2 3 4t 1t 2
2 3 5 6 1t 7 7
2 4 1 3
2 4 1 9 5 6
2 4 4 1t 2t
2 4 4t 1t 5
2 4 6 2 9 7
2 5 4 9 2 1
2 7
2 8
2t 2 1 1t 8 8
2t 2 1t 1 9 6 8
2t 6 2 1t 2 1
3 1 9 1 2
3 2 1
3 2 1t
3 3 3 1 4 2t
3 3 4 4 7 5
3 4 4 1t 2
3 4 5
3 5 1 7 2 1
3 5 6 1t 2
3 6 1 9
3 6 5 2t 1
4 1 2
4 1 2t
4 2 9 2 4
4 3 3 2t 1
4 4 3 3 7 6
4 4 4 2 3 1t
4 5 2
4 5 2 9
4 6 2 7 1 2
5 1 2 7 3t
5 2 1
5 2 1 2t 1t 7
5 2 1 4 1t
5 4 1t 2 4
5 4 2 1t 2t 1
5 5 2 1t 3 4
5 6 1 4 6t 5
5 6 3 2
5 6 3 7
5 6 7 4 1t
5 7 5
6 1 2 1t 2t 7
6 1 2 3 2t
6 2 1 7 4t
6 3 1 2t 1t 2
6 3 2t 1 3
6 3 4
6 5 4 1
6 5 4 7
6 5 7 3 2t
6 6 1 2t 4 3
6 6 2 2 7 7 1 1
6 7 6
6t 5 2 3 5t 6
7 1 2t 5 9 8
7 1t 5 2 3 6
7 1t 5 3 2t 9 8
7 2 1t 6 9 8
7 2t 6 1 4 5
7 2t 6 4 1t 9 8
7 5 2t
7 5 2t 4 1 2t
7 5 7
7 6 1t
7 6 1t 3 2 1t
7 6 7
7 7 1 2t 4 1t
7 7 2 1t 3 2t
7 8 7
8 1t 6 3
8 2t 5 4
9 1 1 2 2 9 8
9 1 2 7 8
9 2 1 7 8
9 2 2 1 1 9 8